1000 
1000 1000 1000  
1 255 332 952 
2 139 993 284 
3 280 230 905 
4 846 444 268 
5 113 949 191 
6 62 236 798 
7 106 903 140 
8 298 235 746 
9 177 777 269 
10 283 397 724 
11 422 159 760 
12 490 229 894 
13 128 729 395 
14 326 733 383 
15 482 443 796 
16 282 51 914 
17 820 316 61 
18 845 249 280 
19 378 195 930 
20 495 283 892 
21 271 122 809 
22 759 162 442 
23 82 920 363 
24 885 186 65 
25 447 345 955 
26 738 209 85 
27 234 382 789 
28 849 25 286 
29 804 49 301 
30 461 103 815 
31 313 48 915 
32 216 788 201 
33 29 50 817 
34 124 437 711 
35 159 681 142 
36 3 707 347 
37 713 445 418 
38 466 116 955 
39 287 397 713 
40 22 40 677 
41 906 343 35 
42 689 81 446 
43 864 380 101 
44 730 414 485 
45 94 208 714 
46 500 979 397 
47 226 723 220 
48 955 107 341 
49 964 202 334 
50 831 452 243 
51 267 734 349 
52 368 374 973 
53 975 28 62 
54 991 242 216 
55 881 392 393 
56 30 423 769 
57 886 269 219 
58 40 85 926 
59 688 117 393 
60 332 758 45 
61 143 255 737 
62 673 187 48 
63 326 487 676 
64 485 359 702 
65 237 816 112 
66 485 449 685 
67 733 208 347 
68 997 320 53 
69 885 471 210 
70 23 258 772 
71 474 375 836 
72 684 405 417 
73 125 812 366 
74 841 117 229 
75 965 371 280 
76 943 374 451 
77 9 383 739 
78 173 285 932 
79 177 364 907 
80 356 202 706 
81 381 962 34 
82 848 149 156 
83 23 954 357 
84 671 161 157 
85 710 13 347 
86 13 861 353 
87 801 69 308 
88 484 269 806 
89 246 891 27 
90 889 37 51 
91 825 331 243 
92 127 5 927 
93 340 249 744 
94 133 882 404 
95 69 268 827 
96 493 856 156 
97 856 407 103 
98 205 785 485 
99 795 249 187 
100 265 905 332 
101 250 253 806 
102 448 718 447 
103 83 344 965 
104 15 733 375 
105 879 359 349 
106 752 432 457 
107 362 671 411 
108 300 191 862 
109 160 782 451 
110 459 203 792 
111 68 894 442 
112 78 693 451 
113 168 47 822 
114 41 171 778 
115 211 855 150 
116 768 248 264 
117 942 378 161 
118 24 725 144 
119 418 395 875 
120 297 401 731 
121 428 895 58 
122 430 744 323 
123 275 488 763 
124 275 981 494 
125 823 444 238 
126 842 144 369 
127 53 909 199 
128 727 399 435 
129 730 341 200 
130 179 427 757 
131 737 209 28 
132 995 466 337 
133 437 759 366 
134 821 280 95 
135 768 272 485 
136 281 816 31 
137 231 809 31 
138 738 118 12 
139 327 891 285 
140 151 30 986 
141 350 758 244 
142 220 99 736 
143 251 253 991 
144 138 411 856 
145 498 489 835 
146 462 724 357 
147 392 689 20 
148 348 923 294 
149 879 432 76 
150 99 291 819 
151 848 372 220 
152 377 390 712 
153 940 83 215 
154 105 186 718 
155 158 390 831 
156 363 820 107 
157 985 466 445 
158 277 815 403 
159 116 82 933 
160 374 733 175 
161 36 30 863 
162 25 974 241 
163 707 215 244 
164 235 122 782 
165 49 831 255 
166 241 333 895 
167 32 671 174 
168 28 736 82 
169 268 893 157 
170 974 315 51 
171 101 921 452 
172 316 230 744 
173 233 971 450 
174 733 3 228 
175 388 213 766 
176 379 375 887 
177 721 264 11 
178 865 373 150 
179 816 110 351 
180 306 483 873 
181 390 84 918 
182 228 806 130 
183 491 417 704 
184 917 74 134 
185 878 31 365 
186 498 791 71 
187 364 864 147 
188 886 162 133 
189 132 449 881 
190 322 829 301 
191 848 297 397 
192 230 698 149 
193 897 242 24 
194 188 381 781 
195 129 181 933 
196 64 138 905 
197 421 724 204 
198 415 991 382 
199 899 115 492 
200 671 478 474 
201 214 289 792 
202 115 699 96 
203 438 962 117 
204 177 344 917 
205 346 10 680 
206 146 959 47 
207 137 425 741 
208 950 30 444 
209 198 792 317 
210 27 133 742 
211 471 22 879 
212 337 208 828 
213 817 184 451 
214 837 95 236 
215 972 373 447 
216 159 465 825 
217 454 804 463 
218 268 877 233 
219 366 282 762 
220 931 433 45 
221 414 361 908 
222 166 410 831 
223 429 671 4 
224 145 461 862 
225 491 945 277 
226 23 147 795 
227 107 783 485 
228 436 489 732 
229 212 813 232 
230 895 91 92 
231 290 748 364 
232 443 968 424 
233 38 34 771 
234 850 86 60 
235 198 897 228 
236 187 465 768 
237 111 954 498 
238 153 321 743 
239 398 171 754 
240 6 974 465 
241 372 176 751 
242 69 910 94 
243 23 766 129 
244 304 382 840 
245 160 759 443 
246 386 434 795 
247 985 191 244 
248 772 491 296 
249 171 134 947 
250 390 142 762 
251 468 118 993 
252 953 188 133 
253 391 271 797 
254 245 972 230 
255 791 485 101 
256 851 166 394 
257 137 737 190 
258 254 786 393 
259 340 381 775 
260 222 991 480 
261 344 833 230 
262 895 490 492 
263 746 418 488 
264 18 248 721 
265 393 934 413 
266 133 769 325 
267 325 463 696 
268 471 101 811 
269 770 290 23 
270 1000 353 336 
271 963 473 173 
272 122 968 211 
273 387 869 127 
274 335 263 676 
275 998 323 359 
276 946 198 396 
277 484 883 384 
278 481 201 937 
279 247 458 815 
280 699 452 496 
281 839 72 39 
282 427 779 279 
283 862 113 333 
284 206 988 485 
285 297 731 426 
286 902 238 29 
287 406 93 666 
288 932 284 383 
289 251 721 280 
290 12 782 156 
291 961 243 71 
292 136 179 813 
293 797 375 375 
294 11 72 688 
295 289 448 787 
296 241 105 918 
297 431 751 448 
298 344 173 896 
299 694 476 435 
300 949 205 11 
301 776 159 129 
302 466 763 448 
303 470 64 855 
304 866 41 356 
305 62 697 205 
306 477 854 436 
307 940 94 499 
308 476 156 936 
309 702 176 303 
310 896 380 144 
311 54 136 800 
312 137 457 792 
313 751 102 84 
314 244 451 845 
315 158 808 117 
316 255 161 785 
317 682 424 480 
318 339 705 244 
319 450 948 359 
320 150 358 768 
321 757 210 338 
322 477 155 778 
323 171 346 895 
324 235 916 470 
325 909 444 100 
326 170 716 109 
327 978 354 402 
328 824 201 428 
329 880 73 434 
330 340 136 906 
331 972 112 131 
332 56 445 932 
333 666 190 49 
334 64 272 802 
335 370 73 681 
336 935 303 58 
337 278 927 117 
338 252 363 962 
339 110 72 815 
340 355 203 909 
341 743 141 330 
342 283 872 246 
343 718 417 350 
344 179 862 320 
345 209 834 102 
346 891 113 174 
347 387 87 733 
348 920 115 374 
349 465 326 936 
350 423 291 746 
351 723 164 122 
352 668 242 158 
353 460 978 424 
354 411 930 372 
355 141 954 326 
356 838 133 19 
357 427 176 954 
358 307 970 391 
359 771 279 363 
360 164 197 888 
361 27 716 233 
362 92 954 167 
363 777 9 22 
364 337 877 192 
365 490 884 103 
366 323 312 895 
367 373 734 377 
368 173 388 686 
369 307 226 984 
370 925 282 461 
371 440 990 435 
372 136 782 246 
373 164 30 782 
374 206 911 60 
375 956 249 73 
376 739 469 464 
377 203 712 315 
378 427 870 210 
379 238 968 378 
380 350 358 901 
381 839 249 15 
382 428 449 951 
383 484 723 298 
384 467 767 28 
385 907 469 50 
386 954 472 331 
387 900 153 57 
388 230 432 968 
389 166 155 870 
390 171 705 260 
391 857 263 369 
392 32 385 780 
393 940 480 10 
394 314 87 948 
395 68 708 387 
396 174 713 143 
397 237 684 68 
398 186 84 683 
399 257 729 9 
400 778 106 320 
401 84 206 667 
402 235 845 404 
403 884 44 318 
404 458 352 792 
405 23 151 706 
406 468 798 225 
407 848 366 296 
408 419 305 829 
409 106 941 232 
410 750 402 172 
411 182 996 274 
412 473 148 683 
413 426 66 684 
414 497 473 926 
415 934 381 106 
416 748 483 440 
417 284 357 847 
418 707 32 222 
419 101 488 871 
420 31 967 327 
421 858 277 69 
422 107 971 137 
423 159 424 869 
424 378 72 825 
425 941 81 424 
426 997 345 210 
427 7 901 293 
428 838 139 377 
429 393 996 192 
430 917 451 333 
431 291 235 755 
432 453 33 905 
433 972 381 207 
434 851 397 9 
435 326 454 986 
436 392 477 705 
437 267 472 807 
438 671 186 323 
439 233 59 955 
440 245 783 147 
441 95 317 787 
442 9 850 275 
443 294 817 22 
444 192 701 380 
445 91 232 691 
446 230 11 812 
447 378 809 147 
448 62 412 689 
449 426 853 462 
450 823 37 37 
451 970 55 239 
452 756 296 302 
453 53 800 143 
454 457 916 331 
455 367 373 879 
456 340 72 782 
457 244 270 770 
458 691 345 187 
459 293 879 288 
460 40 142 997 
461 385 860 103 
462 733 311 463 
463 73 812 74 
464 679 354 378 
465 378 484 725 
466 428 825 127 
467 969 325 403 
468 392 342 715 
469 402 752 60 
470 26 268 837 
471 262 972 51 
472 874 138 486 
473 194 910 155 
474 830 62 486 
475 986 494 442 
476 295 179 962 
477 199 132 905 
478 703 253 261 
479 192 155 905 
480 316 854 477 
481 439 480 841 
482 401 703 245 
483 356 866 137 
484 180 919 300 
485 454 316 793 
486 452 916 229 
487 176 916 128 
488 763 467 40 
489 978 84 120 
490 979 417 191 
491 59 436 675 
492 37 889 163 
493 813 328 395 
494 252 973 135 
495 280 752 381 
496 78 347 916 
497 289 374 952 
498 397 941 416 
499 725 111 338 
500 253 349 750 
501 990 437 192 
502 734 390 151 
503 756 88 286 
504 158 10 933 
505 961 10 185 
506 204 196 992 
507 81 495 778 
508 307 862 356 
509 158 707 242 
510 949 251 16 
511 803 125 72 
512 124 904 392 
513 478 405 883 
514 234 755 366 
515 818 179 154 
516 913 173 307 
517 365 823 79 
518 673 37 258 
519 729 151 490 
520 137 990 308 
521 61 969 442 
522 264 728 287 
523 219 102 865 
524 397 897 207 
525 2 793 82 
526 160 856 259 
527 930 296 428 
528 683 163 355 
529 393 735 310 
530 59 691 371 
531 932 348 364 
532 298 958 42 
533 295 885 220 
534 74 820 161 
535 202 302 782 
536 935 477 132 
537 59 706 74 
538 432 137 824 
539 64 389 839 
540 694 129 111 
541 913 219 497 
542 257 18 820 
543 426 777 349 
544 20 753 348 
545 58 333 950 
546 27 379 770 
547 423 950 274 
548 967 492 94 
549 225 718 448 
550 198 320 980 
551 398 179 720 
552 45 976 364 
553 5 491 706 
554 299 237 823 
555 88 447 885 
556 875 387 346 
557 450 87 727 
558 66 945 442 
559 166 97 793 
560 427 170 937 
561 186 680 375 
562 697 341 477 
563 383 344 819 
564 77 797 356 
565 304 155 702 
566 23 345 667 
567 481 718 69 
568 324 83 880 
569 390 300 999 
570 492 896 211 
571 107 129 840 
572 716 280 446 
573 448 204 955 
574 391 715 311 
575 770 249 342 
576 406 778 121 
577 451 720 195 
578 323 802 176 
579 761 394 404 
580 125 960 2 
581 500 751 446 
582 397 685 66 
583 109 340 930 
584 138 702 96 
585 833 494 226 
586 173 718 407 
587 228 999 7 
588 186 481 693 
589 239 283 817 
590 356 928 349 
591 281 758 236 
592 845 492 83 
593 285 837 321 
594 831 228 249 
595 75 212 797 
596 468 854 323 
597 231 705 489 
598 19 899 85 
599 185 740 59 
600 214 874 187 
601 424 820 163 
602 28 28 833 
603 303 859 453 
604 870 60 196 
605 329 451 823 
606 73 401 844 
607 708 101 33 
608 50 90 752 
609 418 957 54 
610 926 227 487 
611 70 981 338 
612 17 477 933 
613 451 797 335 
614 115 978 138 
615 743 206 167 
616 250 442 712 
617 245 703 341 
618 876 147 266 
619 61 967 397 
620 449 922 138 
621 156 937 381 
622 113 215 842 
623 337 721 424 
624 121 977 498 
625 868 378 82 
626 962 247 176 
627 55 898 306 
628 73 325 909 
629 268 136 971 
630 109 18 837 
631 146 918 206 
632 56 788 355 
633 811 120 298 
634 917 192 194 
635 319 404 949 
636 173 776 373 
637 282 754 148 
638 748 41 205 
639 383 724 186 
640 108 793 478 
641 36 862 399 
642 888 321 386 
643 72 21 726 
644 68 49 872 
645 373 994 160 
646 476 450 973 
647 175 778 265 
648 67 871 277 
649 200 315 864 
650 19 921 264 
651 905 422 268 
652 313 835 360 
653 4 975 125 
654 198 789 431 
655 813 424 414 
656 44 819 178 
657 724 344 109 
658 931 272 56 
659 698 342 387 
660 294 695 315 
661 462 297 817 
662 341 285 938 
663 888 345 222 
664 64 19 893 
665 884 68 436 
666 701 420 19 
667 377 303 981 
668 183 878 105 
669 306 778 227 
670 171 198 897 
671 684 384 71 
672 463 9 904 
673 293 918 345 
674 132 470 759 
675 6 105 924 
676 395 804 391 
677 791 241 92 
678 400 992 152 
679 386 204 973 
680 439 856 140 
681 763 308 75 
682 264 699 463 
683 904 275 300 
684 374 206 920 
685 424 977 159 
686 732 239 146 
687 854 171 440 
688 760 2 92 
689 478 922 44 
690 186 810 179 
691 993 204 270 
692 322 167 955 
693 16 467 737 
694 6 840 358 
695 999 121 254 
696 46 858 188 
697 121 811 84 
698 687 89 201 
699 229 247 773 
700 865 409 227 
701 264 831 190 
702 253 256 754 
703 788 69 495 
704 90 228 722 
705 867 478 132 
706 28 803 401 
707 395 152 877 
708 258 394 700 
709 174 728 378 
710 134 909 280 
711 76 40 872 
712 681 453 477 
713 868 324 285 
714 207 41 743 
715 108 879 331 
716 703 123 325 
717 886 288 348 
718 217 919 385 
719 672 50 248 
720 18 276 944 
721 328 913 294 
722 319 833 328 
723 170 427 844 
724 674 135 74 
725 346 423 846 
726 720 97 70 
727 105 252 907 
728 74 182 756 
729 764 470 27 
730 689 291 117 
731 389 709 203 
732 70 89 917 
733 242 389 881 
734 51 850 378 
735 463 993 273 
736 151 735 122 
737 706 283 317 
738 412 787 166 
739 119 994 122 
740 802 500 48 
741 222 832 420 
742 455 986 47 
743 235 723 65 
744 478 289 961 
745 791 56 462 
746 807 237 34 
747 217 981 404 
748 669 112 330 
749 718 392 210 
750 216 337 997 
751 947 487 100 
752 219 808 326 
753 998 23 361 
754 676 408 223 
755 65 200 693 
756 692 326 350 
757 181 1000 79 
758 419 238 776 
759 823 385 2 
760 42 864 340 
761 162 738 214 
762 252 300 898 
763 221 799 300 
764 897 226 267 
765 9 295 982 
766 30 295 718 
767 425 137 885 
768 83 203 863 
769 899 297 346 
770 120 9 859 
771 27 30 972 
772 321 495 703 
773 444 294 888 
774 427 418 690 
775 337 27 897 
776 240 970 286 
777 290 834 478 
778 31 287 851 
779 807 52 382 
780 237 269 981 
781 179 470 832 
782 966 301 271 
783 362 745 150 
784 428 851 29 
785 980 125 281 
786 969 315 299 
787 372 753 312 
788 25 372 890 
789 259 837 119 
790 708 419 92 
791 186 342 756 
792 92 866 174 
793 800 9 241 
794 931 481 329 
795 915 235 144 
796 215 691 94 
797 699 487 454 
798 442 242 942 
799 264 670 413 
800 722 351 30 
801 888 128 384 
802 137 704 344 
803 391 447 886 
804 158 743 385 
805 668 397 185 
806 312 269 930 
807 963 143 158 
808 167 771 464 
809 164 132 966 
810 172 336 768 
811 841 162 21 
812 459 773 216 
813 42 401 713 
814 57 891 361 
815 488 202 861 
816 59 263 957 
817 229 8 687 
818 233 866 477 
819 161 730 204 
820 989 412 374 
821 370 339 924 
822 325 268 969 
823 328 102 690 
824 895 257 76 
825 167 161 934 
826 444 759 386 
827 372 405 666 
828 8 822 115 
829 816 243 436 
830 945 314 188 
831 45 274 870 
832 778 342 122 
833 167 327 862 
834 243 438 670 
835 170 992 359 
836 104 262 756 
837 430 175 718 
838 119 494 981 
839 903 358 148 
840 425 79 702 
841 324 354 836 
842 328 182 747 
843 864 433 81 
844 727 15 25 
845 492 181 937 
846 163 315 990 
847 442 236 744 
848 94 703 333 
849 706 150 14 
850 473 482 917 
851 178 220 751 
852 370 314 741 
853 108 936 173 
854 361 74 999 
855 489 314 919 
856 942 60 92 
857 446 81 986 
858 404 757 252 
859 690 158 478 
860 69 58 964 
861 876 152 484 
862 34 850 490 
863 820 27 334 
864 86 911 5 
865 294 117 973 
866 337 721 21 
867 346 800 292 
868 810 152 83 
869 253 198 864 
870 250 791 52 
871 18 384 876 
872 424 722 487 
873 691 143 417 
874 889 408 62 
875 839 454 257 
876 927 491 116 
877 281 909 350 
878 993 212 273 
879 411 285 673 
880 288 149 927 
881 34 906 68 
882 817 247 131 
883 474 169 944 
884 483 738 321 
885 346 950 18 
886 472 267 989 
887 12 460 725 
888 395 490 954 
889 853 455 379 
890 429 882 40 
891 376 908 28 
892 761 203 176 
893 50 730 483 
894 780 4 374 
895 68 305 942 
896 230 867 123 
897 362 7 716 
898 683 257 300 
899 54 295 695 
900 682 342 9 
901 192 911 401 
902 2 150 868 
903 55 78 823 
904 87 674 183 
905 860 96 487 
906 444 91 966 
907 241 51 792 
908 185 201 701 
909 167 934 270 
910 261 747 204 
911 840 106 172 
912 192 763 285 
913 447 382 995 
914 686 216 300 
915 308 495 911 
916 261 341 775 
917 116 362 901 
918 32 884 197 
919 912 66 125 
920 922 210 241 
921 257 924 102 
922 375 739 234 
923 44 680 243 
924 114 298 723 
925 440 423 853 
926 811 326 310 
927 768 364 313 
928 292 952 315 
929 784 41 43 
930 401 896 423 
931 3 742 92 
932 107 498 804 
933 92 260 707 
934 196 781 190 
935 72 21 816 
936 896 45 65 
937 17 62 985 
938 134 871 339 
939 218 776 491 
940 905 67 443 
941 714 410 377 
942 179 13 701 
943 66 760 179 
944 235 856 142 
945 378 866 60 
946 43 933 442 
947 668 380 22 
948 957 1 75 
949 233 966 156 
950 706 363 254 
951 744 71 92 
952 301 881 69 
953 772 189 309 
954 994 495 342 
955 720 175 144 
956 834 77 47 
957 980 217 272 
958 491 192 728 
959 84 702 437 
960 779 89 221 
961 277 337 943 
962 414 64 731 
963 463 167 846 
964 165 924 332 
965 409 324 885 
966 212 888 375 
967 758 194 120 
968 158 867 47 
969 39 807 479 
970 338 928 253 
971 187 971 407 
972 919 428 381 
973 769 15 303 
974 429 55 688 
975 239 429 916 
976 456 368 809 
977 36 200 812 
978 415 950 215 
979 738 485 143 
980 48 774 157 
981 126 869 233 
982 714 443 214 
983 466 90 803 
984 716 57 403 
985 403 258 852 
986 827 74 448 
987 206 217 732 
988 414 455 772 
989 985 444 304 
990 876 43 254 
991 34 153 890 
992 391 404 751 
993 393 296 821 
994 295 281 936 
995 299 55 732 
996 194 945 164 
997 226 778 113 
998 743 389 341 
999 298 384 941 
1000 256 689 68 
